Version 0.9.7
5
 4 10 175 77 128 0 1
 5 80 400 206 81 2 2
 0 445 229 877 276 8 3
 1 207 287 206 81 140 4
 3 173 590 203 58 150 5
 0
21
 255 5 71 228 71 228 71 227 222 227 222 298 222 298 0 1 0 4
 8454016 5 641 334 643 334 643 269 263 269 263 298 263 298 0 3 0 4
 8454016 5 615 334 615 334 615 271 282 271 282 324 282 324 0 3 0 4
 8454016 5 602 334 602 334 602 271 301 271 301 324 301 324 0 3 0 4
 8454016 5 576 334 576 334 576 267 320 267 320 324 320 324 0 3 0 4
 255 5 563 256 563 256 562 256 562 334 563 334 563 334 0 3 0 3
 255 5 71 189 71 189 498 189 498 189 498 256 498 256 0 1 0 3
 255 5 589 399 589 369 426 369 426 234 589 234 589 243 0 3 0 3
 0 5 641 399 641 399 641 656 219 656 219 634 219 634 0 3 0 5
 0 5 628 399 628 399 628 661 239 661 239 634 239 634 0 3 0 5
 0 5 615 399 615 399 615 658 259 658 259 634 259 634 0 3 0 5
 16711680 5 71 288 71 288 71 627 71 627 184 627 184 627 0 1 0 5
 16711680 5 71 275 71 275 71 477 71 477 498 477 498 477 0 1 0 3
 16711680 5 71 262 71 262 71 356 71 356 222 356 222 356 0 1 0 4
 16711680 5 576 399 576 399 576 399 576 477 576 477 576 477 0 3 0 3
 16711680 5 602 399 602 399 602 399 602 477 602 477 602 477 0 3 0 3
 16711680 5 654 399 654 399 654 399 654 477 654 477 654 477 0 3 0 3
 65535 5 563 399 563 399 563 333 396 333 396 324 396 324 0 3 0 4
 65535 5 654 334 654 334 654 331 339 331 339 324 339 324 0 3 0 4
 65535 5 589 334 589 334 589 331 377 331 377 324 377 324 0 3 0 4
 65535 5 628 334 628 334 628 330 358 330 358 324 358 324 0 3 0 4
1
 7085 1 16 557 347 5 0 0 0 3
