Version 0.9.7
5
 4 10 175 77 128 0 1
 5 80 400 206 81 2 2
 0 421 207 877 276 8 3
 1 192 263 206 81 140 4
 3 456 86 203 58 150 5
 0
21
 16711680 5 721 377 721 377 721 377 721 468 721 468 721 468 0 3 0 3
 16711680 5 71 288 71 288 71 468 71 468 474 468 474 468 0 1 0 3
 16711680 5 695 377 695 377 695 377 695 468 695 468 695 468 0 3 0 3
 16711680 5 682 377 682 377 682 377 682 468 682 468 682 468 0 3 0 3
 16711680 5 207 332 207 332 97 332 97 275 71 275 71 275 0 4 0 1
 16711680 5 71 249 57 249 57 122 467 122 467 123 467 123 0 1 0 5
 255 5 71 189 71 189 474 189 474 189 474 221 474 221 0 1 0 3
 255 5 71 202 71 202 207 202 207 202 207 274 207 274 0 1 0 4
 255 5 669 377 669 377 669 343 420 343 420 221 487 221 0 3 0 3
 255 5 630 221 630 221 630 221 630 312 630 312 630 312 0 3 0 3
 65535 5 630 377 630 377 248 377 248 377 248 300 248 300 0 3 0 4
 65535 5 267 300 267 300 267 377 267 377 643 377 643 377 0 4 0 3
 65535 5 286 300 286 300 286 377 286 377 656 377 656 377 0 4 0 3
 8388863 5 643 312 643 312 643 189 502 189 502 130 502 130 0 3 0 5
 8388863 5 522 130 522 130 522 312 522 312 656 312 656 312 0 5 0 3
 8388863 5 542 130 542 130 542 312 542 312 669 312 669 312 0 5 0 3
 8388863 5 562 130 562 130 562 312 562 312 682 312 682 312 0 5 0 3
 8388863 5 582 130 582 130 582 312 582 312 695 312 695 312 0 5 0 3
 8388863 5 602 130 602 130 602 312 602 312 708 312 708 312 0 5 0 3
 8388863 5 622 130 622 130 622 312 622 312 721 312 721 312 0 5 0 3
 8388863 5 708 377 708 377 708 130 708 130 642 130 642 130 0 3 0 5
1
 7138 1 16 624 325 5 0 0 0 3
