Version 0.9.7
7
 4 10 175 77 128 0 1
 5 80 400 206 81 2 2
 0 436 206 877 276 8 3
 6 768 30 449 130 140 4
 3 63 609 203 58 173 5
 1 125 326 206 81 182 6
 1 131 227 206 81 192 7
 0
35
 255 5 658 376 658 345 413 345 413 220 489 220 489 220 0 3 0 3
 255 5 515 220 515 220 515 189 515 189 71 189 71 189 0 3 0 1
 255 5 140 337 140 337 287 337 287 202 71 202 71 202 0 6 0 1
 255 5 146 238 146 238 801 238 801 238 801 220 801 220 0 7 0 3
 255 5 983 311 983 311 983 311 983 220 983 220 983 220 0 3 0 3
 0 5 1074 376 1074 376 1074 454 1074 454 853 454 853 454 0 3 0 3
 255 5 1009 376 1009 342 1311 342 1311 184 996 184 996 220 0 3 0 3
 255 5 1035 376 1035 338 1265 338 1265 208 1035 208 1035 220 0 3 0 3
 255 5 784 57 784 57 784 215 784 215 71 215 71 215 0 4 0 1
 16711680 5 71 262 71 262 71 395 71 395 140 395 140 395 0 1 0 6
 16711680 5 71 288 71 288 71 646 71 646 74 646 74 646 0 1 0 5
 16711680 5 71 275 71 275 71 454 71 454 489 454 489 454 0 1 0 3
 16711680 5 658 311 658 329 428 329 428 454 658 454 658 454 0 3 0 3
 16711680 5 146 296 146 296 146 454 146 454 502 454 502 454 0 7 0 3
 0 5 632 311 632 337 401 337 401 653 109 653 109 653 0 3 0 5
 65535 5 684 311 684 311 684 349 181 349 181 363 181 363 0 3 0 6
 65535 5 697 376 697 376 697 345 200 345 200 350 200 350 0 3 0 6
 65535 5 219 363 219 363 219 348 632 348 632 376 632 376 0 6 0 3
 65535 5 606 376 606 376 606 344 238 344 238 363 238 363 0 3 0 6
 65280 5 671 311 671 311 671 348 257 348 257 350 257 350 0 3 0 6
 65280 5 684 376 684 376 684 344 276 344 276 363 276 363 0 3 0 6
 65280 5 606 311 606 311 606 351 314 351 314 363 314 363 0 3 0 6
 65280 5 645 389 645 389 645 348 295 348 295 363 295 363 0 3 0 6
 33023 5 619 376 619 376 619 402 619 402 996 402 996 402 0 3 0 3
 33023 5 1061 376 1061 376 1061 332 697 332 697 311 697 311 0 3 0 3
 33023 5 1048 376 1048 376 1048 334 619 334 619 311 619 311 0 3 0 3
 33023 5 983 376 983 376 983 376 671 376 671 376 671 376 0 3 0 3
 8388863 5 1074 311 1074 311 1070 311 1070 172 857 172 857 153 0 3 0 4
 8388863 5 1061 311 1061 311 1059 311 1059 172 844 172 844 153 0 3 0 4
 8388863 5 1048 311 1048 311 1048 173 831 173 831 153 831 153 0 3 0 4
 8388863 5 1035 311 1035 311 1035 173 818 173 818 153 818 153 0 3 0 4
 8388863 5 1022 311 1022 311 1022 173 805 173 805 153 805 153 0 3 0 4
 8388863 5 1009 311 1009 311 1009 170 883 170 883 153 883 153 0 3 0 4
 8388863 5 996 311 996 311 996 168 870 168 870 153 870 153 0 3 0 4
 16776960 5 645 311 645 311 645 265 187 265 187 264 187 264 0 3 0 7
2
 7047 1 16 977 324 5 0 0 0 3
 7083 1 16 600 324 5 0 0 0 3
