Version 0.9.7
5
 4 10 175 77 128 0 1
 5 80 400 206 81 2 2
 0 383 161 877 276 8 3
 1 156 315 206 81 140 4
 6 337 10 449 130 150 5
 0
20
 255 5 353 37 353 36 70 36 70 228 71 228 71 228 0 5 0 1
 255 5 71 215 71 215 71 195 436 195 436 188 436 188 0 1 0 3
 255 5 71 189 71 189 61 189 61 326 171 326 171 326 0 1 0 4
 255 5 566 266 566 266 566 266 566 188 566 188 566 188 0 3 0 3
 16711680 5 71 288 71 288 71 384 71 384 171 384 171 384 0 1 0 4
 16711680 5 71 275 71 275 71 409 71 409 436 409 436 409 0 1 0 3
 16711680 5 657 331 657 331 657 331 657 409 657 409 657 409 0 3 0 3
 16711680 5 618 331 618 331 618 331 618 409 618 409 618 409 0 3 0 3
 255 5 592 331 592 298 371 298 371 188 449 188 449 188 0 3 0 3
 65535 5 566 331 566 331 566 297 231 297 231 352 231 352 0 3 0 4
 65535 5 644 331 644 331 644 304 212 304 212 326 212 326 0 3 0 4
 65535 5 631 331 631 331 631 302 269 302 269 326 269 326 0 3 0 4
 65535 5 579 331 579 331 579 305 250 305 250 326 250 326 0 3 0 4
 8388863 5 374 133 374 133 374 156 605 156 605 266 605 266 0 5 0 3
 8388863 5 618 266 618 266 618 152 387 152 387 133 387 133 0 3 0 5
 8388863 5 631 266 631 266 631 151 400 151 400 133 400 133 0 3 0 5
 8388863 5 644 266 644 266 644 155 413 155 413 133 413 133 0 3 0 5
 8388863 5 657 266 657 266 657 154 426 154 426 133 426 133 0 3 0 5
 8388863 5 579 266 579 266 579 152 439 152 439 133 439 133 0 3 0 5
 8388863 5 452 133 452 149 593 149 593 266 592 266 592 266 0 5 0 3
1
 7047 1 16 560 279 5 0 0 0 3
