Version 0.9.7
6
 4 10 175 77 128 0 1
 5 80 400 206 81 2 2
 0 463 121 877 276 8 3
 3 332 18 203 58 140 4
 1 151 254 206 81 149 5
 1 130 156 206 81 159 6
 0
23
 255 5 71 189 71 189 71 135 71 135 516 135 516 135 0 1 0 3
 255 5 594 135 594 135 594 135 594 226 594 226 594 226 0 3 0 3
 255 5 166 265 166 246 120 246 120 202 71 202 71 202 0 5 0 1
 255 5 145 167 145 168 98 168 98 215 71 215 71 215 0 6 0 1
 0 5 607 226 607 188 837 188 837 382 789 382 789 382 0 3 0 3
 16711680 5 71 249 71 249 57 249 57 55 343 55 343 55 0 1 0 4
 16711680 5 71 262 71 262 102 262 102 323 166 323 166 323 0 1 0 5
 16711680 5 71 275 71 275 80 275 80 369 516 369 516 369 0 1 0 3
 8388863 5 672 291 672 291 672 299 378 299 378 62 378 62 0 3 0 4
 65280 5 659 291 659 291 659 241 174 241 174 167 186 167 0 3 0 6
 8388863 5 685 226 685 226 685 255 398 255 398 62 398 62 0 3 0 4
 65280 5 607 291 607 291 607 265 607 265 226 265 226 265 0 3 0 5
 65280 5 620 226 620 226 620 245 207 245 207 265 207 265 0 3 0 5
 16711680 5 594 291 594 291 594 291 594 369 594 369 594 369 0 3 0 3
 16711680 5 685 291 685 291 685 291 685 369 685 369 685 369 0 3 0 3
 65280 5 620 291 620 291 620 246 168 246 168 167 243 167 0 3 0 6
 65280 5 633 291 633 291 633 249 173 249 173 167 224 167 0 3 0 6
 65280 5 646 291 646 291 646 246 173 246 173 167 205 167 0 3 0 6
 65280 5 672 226 672 226 672 167 672 167 262 167 262 167 0 3 0 6
 65280 5 659 226 659 226 659 169 281 169 281 180 281 180 0 3 0 6
 65280 5 646 213 646 213 646 176 300 176 300 180 300 180 0 3 0 6
 65280 5 633 226 633 226 633 179 319 179 319 193 319 193 0 3 0 6
 16711680 5 71 288 71 288 71 250 145 250 145 225 145 225 0 1 0 6
1
 7153 1 16 588 239 5 0 0 0 3
