Version 0.9.7
6
 4 10 175 77 128 0 1
 5 80 400 206 81 2 2
 0 480 191 877 276 8 3
 1 171 354 206 81 140 4
 3 580 534 203 58 150 5
 1 180 204 206 81 159 7
 0
22
 255 5 546 205 546 205 546 170 69 170 69 189 71 189 0 3 0 1
 255 5 71 202 71 202 98 202 98 365 186 365 186 365 0 1 0 4
 255 5 71 215 71 215 71 218 195 218 195 215 195 215 0 1 0 7
 255 5 650 296 650 296 648 296 648 237 559 237 559 205 0 3 0 3
 16711680 5 71 288 71 288 71 423 71 423 186 423 186 423 0 1 0 4
 16711680 5 71 275 71 275 71 439 71 439 533 439 533 439 0 1 0 3
 16711680 5 71 262 71 262 71 271 195 271 195 273 195 273 0 1 0 7
 16711680 5 546 439 546 439 546 571 546 571 591 571 591 571 0 3 0 5
 16711680 5 741 361 741 361 741 361 741 439 741 439 741 439 0 3 0 3
 65280 5 728 296 728 296 728 233 236 233 236 215 236 215 0 3 0 7
 0 5 715 361 715 361 804 361 804 592 666 592 666 578 0 3 0 5
 0 5 663 296 663 279 791 279 791 594 686 594 686 578 0 3 0 5
 0 5 728 361 798 361 798 601 646 601 646 578 646 578 0 3 0 5
 0 5 741 296 807 296 807 612 626 612 626 578 626 578 0 3 0 5
 65535 5 702 361 702 361 702 391 702 391 360 391 360 391 0 3 0 4
 65535 5 689 361 689 361 689 391 689 391 341 391 341 391 0 3 0 4
 65535 5 676 361 676 361 676 391 676 391 322 391 322 391 0 3 0 4
 65535 5 663 361 663 361 663 391 663 391 303 391 303 391 0 3 0 4
 65535 5 650 361 650 361 650 391 650 391 284 391 284 391 0 3 0 4
 65535 5 689 296 689 296 689 391 689 391 265 391 265 391 0 3 0 4
 65535 5 702 296 702 296 702 391 702 391 246 391 246 391 0 3 0 4
 65535 5 715 296 715 296 715 391 715 391 227 391 227 391 0 3 0 4
1
 7147 1 16 644 309 5 0 0 0 3
