Version 0.9.7
5
 4 10 175 77 128 0 1
 5 80 400 206 81 2 2
 0 398 221 877 276 8 3
 1 167 292 206 81 140 4
 3 444 92 203 58 150 5
 0
17
 255 5 71 189 71 189 451 189 451 189 451 235 451 235 0 1 0 3
 255 5 555 391 555 362 398 362 398 270 555 270 555 235 0 3 0 3
 255 5 182 303 182 303 101 303 101 202 71 202 71 202 0 4 0 1
 16711680 5 71 249 71 249 57 249 57 127 455 127 455 129 0 1 0 5
 16711680 5 71 288 71 288 71 469 71 469 451 469 451 469 0 1 0 3
 16711680 5 71 275 71 275 71 361 71 361 182 361 182 361 0 1 0 4
 16711680 5 555 326 555 352 397 352 397 469 555 469 555 469 0 3 0 3
 0 5 581 326 581 326 581 171 530 171 530 136 530 136 0 3 0 5
 0 5 568 326 568 326 568 164 510 164 510 136 510 136 0 3 0 5
 0 5 529 326 529 326 529 181 490 181 490 136 490 136 0 3 0 5
 0 5 542 326 542 326 542 136 542 136 550 136 550 136 0 3 0 5
 65535 5 503 391 503 391 503 391 503 329 242 329 242 329 0 3 0 4
 65535 5 516 391 516 391 516 324 261 324 261 329 261 329 0 3 0 4
 65535 5 529 391 529 391 529 325 280 325 280 329 280 329 0 3 0 4
 65535 5 568 391 568 391 568 327 299 327 299 329 299 329 0 3 0 4
 65535 5 581 391 581 391 581 330 318 330 318 329 318 329 0 3 0 4
 65535 5 503 326 503 326 223 326 223 326 223 329 223 329 0 3 0 4
1
 7090 1 14 497 339 5 0 0 0 3
